-99
-20
66
-18
-18
-19
24
-58
-22
76
-16
62
40
-95
5
-3
10
58
-54
-22
99
-17
-79
-63
-1
-95
9
17
-77
-54
-46
83
-16
-59
88
-47
80
49
6
-64
-55
-48
39
51
-96
42
41
-79
-43
40
-12
-71
36
-17
-36
-54
-26
31
-27
26
-37
29
-50
76
82
9
-44
-33
-79
49
-48
38
46
-34
-14
-2
37
-59
74
30
89
55
-5
85
71
47
84
-14
24
25
-27
-78
15
39
-41
-15
77
36
-34
-89
28
37
-54
-98
68
36
-91
-76
30
-47
66
-14
34
-37
18
-100
78
56
27
-48
-60
9
-70
-12
66
90
-30
35
59
-81
-60
76
-4
98
47
-18
-33
22
-67
-55
31
76
35
39
78
82
11
98
-74
66
-10
65
41
64
62
49
43
9
-63
-29
85
-94
-1
-51
-23
-79
-20
35
-37
-20
47
-77
72
53
69
76
-60
35
0
92
93
-34
-73
74
21
21
61
-8
28
81
-85
-7
8
86
-6
-16
20
-1
-41
53
-58
32
5
-84
31
-85
60
-8
48
-89
73
14
73
49
56
-25
96
-6
19
-92
53
-38
-8
50
-49
-48
-20
39
-10
-53
-91
-48
2
-7
33
36
2
-82
63
37
84
28
85
81
-81
-37
69
-79
-7
43
-17
84
29
11
-6
0
-29
-44
86
1
-31
95
89
-10
-8
-40
11
-88
42
9
-34
-98
-58
-20
-76
17
88
5
87
-67
-39
24
49
-26
17
14
34
60
-46
-13
-70
-43
18
91
-50
21
31
51
35
60
33
19
20
78
-96
-78
78
72
99
23
95
98
94
55
-99
32
70
56
8
-42
-80
-99
33
-39
52
28
13
2
-53
89
-44
-58
69
29
-79
11
-2
-94
2
-92
-20
-94
22
-89
49
-37
-2
-18
-89
63
-62
-23
29
-13
54
-92
95
-42
-92
-79
26
-41
66
12
7
99
-51
-33
-57
-12
-16
45
46
-53
-48
51
-59
66
-9
82
-3
91
-92
-21
68
97
73
81
41
-63
-89
-98
-79
-75
49
-14
96
-86
-33
25
-37
28
83
-96
-46
-2
-60
-53
-39
16
5
-18
-19
-8
43
14
-11
-43
-47
-62
-32
-76
-45
-5
-41
97
-36
93
30
-66
59
-87
10
-60
-13
5
-6
-52
74
86
69
77
95
-23
-14
26
-35
-31
16
19
-51
-34
-26
-95
54
91
-11
-61
66
53
-72
73
84
52
-92
-16
-20
6
23
53
13
-12
-86
-37
-88
-54
32
-56
-38
-61
39
-57
-22
19
-88
-2
71
44
-95
-64
72
83
10
-5
-74
-67
-57
45
-83
-6
-77
2
8
74
-80
-99
-48
-49
9
-68
-78
7
-52
-23
99
-12
35
63
-48
-51
-77
-89
45
-56
-30
-48
73
6
-24
-17
94
-10
-8
47
17
72
43
9
95
83
3
-80
-67
-2
-8
80
0
-73
66
-11
-73
85
7
-18
36
24
57
33
-12
-9
-78
83
-42
-45
42
-86
29
32
-97
-86
4
-12
-92
-44
17
32
65
42
-64
-73
62
61
80
-86
-64
46
-67
39
-2
-77
-49
-79
9
5
1
-98
0
55
-39
8
27
-37
-37
-2
-60
-34
99
-37
53
-15
-38
71
43
-98
66
-77
70
-82
28
51
46
78
21
-96
-77
30
-85
-74
-77
97
-91
95
31
-46
60
-74
26
-64
63
49
-24
-39
-1
54
-39
67
-23
-38
33
-80
5
-20
58
-9
-81
6
-17
55
-53
81
97
-13
87
-61
5
1
-46
67
52
21
-65
14
-6
92
-98
93
77
-50
97
-70
-93
79
86
47
-80
-86
34
-90
-20
-76
-7
83
8
-48
24
72
39
-3
-100
-92
38
77
-1
-92
94
1
-37
-88
44
65
-82
73
-47
-58
-37
-57
-82
-60
-80
41
70
-62
-92
-35
-83
-86
-62
-60
19
-39
15
-64
-93
-69
-53
-11
32
-52
0
-68
-52
-95
62
-85
94
-93
-43
-82
-87
-83
36
-48
-94
-55
-24
39
77
96
-17
5
-31
19
-75
-24
83
-70
67
-56
24
80
-62
-90
46
89
17
81
-21
-79
90
96
-5
-33
33
64
-84
34
52
-33
-26
-17
-52
-46
45
23
-49
-56
-78
97
14
60
-32
24
61
34
28
-28
-100
91
65
11
46
-65
9
-83
-1
35
44
61
61
-1
98
64
-9
74
34
66
-52
98
7
-71
76
32
-87
32
28
57
-49
-52
-59
-1
46
33
-46
89
57
89
-3
22
-78
-48
58
30
-65
28
-66
19
59
-4
-29
-71
65
-97
-92
77
-22
63
94
4
-70
-65
57
63
4
-62
-1
78
17
-65
-60
5
36
-45
65
-61
-87
-65
32
80
6
-94
-59
-76
-18
50
2
82
24
-97
-53
-38
30
22
74
-30
-4
-51
-65
-73
-54
-89
50
-51
72
-74
36
25
-49
33
35
-89
-68
48
-87
-92
15
-79
9
-25
-92
74
75
-15
96
28
72
7
-88
-78
-16
-81
-99
-94
23
34
54
-42
-3
-99
-98
48
-31
36
94
-52
-54
-7
17
-65
50
-27
-88
32
-67
-3
22
83
-20
32
42
-21
71
-51
9
42
-24
21
-62
-93
28
91
60
-1
93
39
11
25
95
45
78
-11
-49
-4
-74
66
13
48
61
31
20
