-99
-20
66
-18
-18
-19
24
-58
-22
76
-16
62
40
-95
5
-3
10
58
-54
-22
99
-17
-79
-63
-1
-95
9
17
-77
-54
-46
83
-16
-59
88
-47
80
49
6
-64
-55
-48
39
51
-96
42
41
-79
-43
40
-12
-71
36
-17
-36
-54
-26
31
-27
26
-37
29
-50
76
82
9
-44
-33
-79
49
-48
38
46
-34
-14
-2
37
-59
74
30
89
55
-5
85
71
47
84
-14
24
25
-27
-78
15
39
-41
-15
77
36
-34
-89
28
37
-54
-98
68
36
-91
-76
30
-47
66
-14
34
-37
18
-100
78
56
27
-48
-60
9
-70
-12
66
90
-30
35
59
-81
-60
76
-4
98
47
-18
-33
22
-67
-55
31
76
35
39
78
82
11
98
-74
66
-10
65
41
64
62
49
43
9
-63
-29
85
-94
-1
-51
-23
-79
-20
35
-37
-20
47
-77
72
53
69
76
-60
35
0
92
93
-34
-73
74
21
21
61
-8
28
81
-85
-7
8
86
-6
-16
20
-1
-41
53
-58
32
5
-84
31
-85
60
-8
48
-89
73
14
73
49
56
-25
96
-6
19
-92
53
-38
-8
50
-49
-48
-20
39
-10
-53
-91
-48
2
-7
33
36
2
-82
63
37
84
28
85
81
-81
-37
69
-79
-7
43
-17
84
29
11
-6
0
-29
-44
86
1
-31
95
89
-10
-8
-40
11
-88
42
9
-34
-98
-58
-20
-76
17
88
5
87
-67
-39
24
49
-26
17
14
34
60
-46
-13
-70
-43
18
91
-50
21
31
51
35
60
33
19
20
78
-96
-78
78
72
99
23
95
98
94
55
-99
32
70
56
8
-42
-80
-99
33
-39
52
28
13
2
-53
89
-44
-58
69
29
-79
11
-2
-94
2
-92
-20
-94
22
-89
49
-37
-2
-18
-89
63
-62
-23
29
-13
54
-92
95
-42
-92
-79
26
-41
66
12
7
99
-51
-33
-57
-12
-16
45
46
-53
-48
51
-59
66
-9
82
-3
91
-92
-21
68
97
73
81
41
-63
-89
-98
-79
-75
49
-14
96
-86
-33
25
-37
28
83
-96
-46
-2
-60
-53
-39
16
5
-18
-19
-8
43
14
-11
-43
-47
-62
-32
-76
-45
-5
-41
97
-36
93
30
-66
59
-87
10
-60
-13
5
-6
-52
74
86
69
77
95
-23
-14
26
-35
-31
16
19
-51
-34
-26
-95
54
91
-11
-61
66
53
-72
73
84
52
-92
-16
-20
6
23
53
13
-12
-86
-37
-88
-54
32
-56
-38
-61
39
-57
-22
19
-88
-2
71
44
-95
-64
72
83
10
-5
-74
-67
-57
45
-83
-6
