-99
-20
66
-18
-18
-19
24
-58
-22
76
-16
62
40
-95
5
-3
10
58
-54
-22
99
-17
-79
-63
-1
-95
9
17
-77
-54
-46
83
-16
-59
88
-47
80
49
6
-64
-55
-48
39
51
-96
42
41
-79
-43
40
-12
-71
36
-17
-36
-54
-26
31
-27
26
-37
29
-50
76
82
9
-44
-33
-79
49
-48
38
46
-34
-14
-2
37
-59
74
30
89
55
-5
85
71
47
84
-14
24
25
-27
-78
15
39
-41
-15
77
36
-34
-89
28
37
-54
-98
68
36
-91
-76
30
-47
66
-14
34
-37
18
-100
78
56
27
-48
-60
9
-70
-12
66
90
-30
35
59
-81
-60
76
-4
98
47
-18
-33
22
-67
-55
31
76
35
39
78
82
11
98
-74
66
-10
65
41
64
62
49
43
9
-63
-29
85
-94
-1
-51
-23
-79
-20
35
-37
-20
47
-77
72
53
69
76
-60
35
0
92
93
-34
-73
74
21
21
61
-8
28
81
-85
-7
8
86
-6
-16
20
-1
-41
53
-58
32
5
-84
31
-85
60
-8
48
-89
73
14
73
49
56
-25
96
-6
19
-92
53
-38
-8
50
-49
-48
-20
39
-10
-53
-91
-48
2
-7
33
36
2
-82
63
37
84
28
85
81
-81
-37
69
-79
-7
43
-17
84
29
11
-6
0
-29
-44
86
1
-31
95
89
-10
-8
-40
11
-88
42
9
-34
-98
-58
-20
-76
17
88
5
87
-67
-39
24
49
-26
17
14
34
60
-46
-13
-70
-43
18
91
-50
21
31
51
35
60
33
19
20
78
-96
-78
78
72
99
23
95
98
94
55
-99
32
70
56
8
-42
-80
-99
33
-39
52
28
13
2
-53
89
-44
-58
69
29
-79
11
-2
-94
2
-92
-20
-94
22
-89
49
-37
-2
-18
-89
63
-62
-23
29
-13
54
-92
95
-42
-92
-79
26
-41
66
12
7
99
-51
-33
-57
-12
-16
45
46
-53
-48
51
-59
66
-9
82
-3
91
-92
-21
68
97
73
81
41
-63
-89
-98
-79
-75
49
-14
96
-86
-33
25
-37
28
83
-96
-46
-2
-60
-53
-39
16
5
-18
-19
-8
43
14
-11
-43
-47
-62
-32
-76
-45
-5
-41
97
-36
93
30
-66
59
-87
10
-60
-13
5
-6
-52
74
86
69
77
95
-23
-14
26
-35
-31
16
19
-51
-34
-26
-95
54
91
-11
-61
66
53
-72
73
84
52
-92
-16
-20
6
23
53
13
-12
-86
-37
-88
-54
32
-56
-38
-61
39
-57
-22
19
-88
-2
71
44
-95
-64
72
83
10
-5
-74
-67
-57
45
-83
-6
-77
2
8
74
-80
-99
-48
-49
9
-68
-78
7
-52
-23
99
-12
35
63
-48
-51
-77
-89
45
-56
-30
-48
73
6
-24
-17
94
-10
-8
47
17
72
43
9
95
83
3
-80
-67
-2
-8
80
0
-73
66
-11
-73
85
7
-18
36
24
57
33
-12
-9
-78
83
-42
-45
42
-86
29
32
-97
-86
4
-12
-92
-44
17
32
65
42
-64
-73
62
61
80
-86
-64
46
-67
39
-2
-77
-49
-79
9
5
1
-98
0
55
-39
8
27
-37
-37
-2
-60
-34
99
-37
53
-15
-38
71
43
-98
66
-77
70
-82
28
51
46
78
21
-96
-77
30
-85
-74
-77
97
-91
95
31
-46
60
-74
26
-64
63
49
-24
-39
-1
54
-39
67
-23
-38
33
-80
5
-20
58
-9
-81
6
-17
55
-53
81
97
-13
87
-61
5
1
-46
67
52
21
-65
14
-6
92
-98
93
77
-50
97
-70
-93
79
86
47
-80
-86
34
-90
-20
-76
-7
83
8
-48
24
72
39
-3
-100
-92
38
77
-1
-92
94
1
-37
-88
44
65
-82
73
-47
-58
-37
-57
-82
-60
-80
41
70
-62
-92
-35
-83
-86
-62
-60
19
-39
15
-64
-93
-69
-53
-11
32
-52
0
-68
-52
-95
62
-85
94
-93
-43
-82
-87
-83
36
-48
-94
-55
-24
39
77
96
-17
5
-31
19
-75
-24
83
-70
67
-56
24
80
-62
-90
46
89
17
81
-21
-79
90
96
-5
-33
33
64
-84
34
52
-33
-26
-17
-52
-46
45
23
-49
-56
-78
97
14
60
-32
24
61
34
28
-28
-100
91
65
11
46
-65
9
-83
-1
35
44
61
61
-1
98
64
-9
74
34
66
-52
98
7
-71
76
32
-87
32
28
57
-49
-52
-59
-1
46
33
-46
89
57
89
-3
22
-78
-48
58
30
-65
28
-66
19
59
-4
-29
-71
65
-97
-92
77
-22
63
94
4
-70
-65
57
63
4
-62
-1
78
17
-65
-60
5
36
-45
65
-61
-87
-65
32
80
6
-94
-59
-76
-18
50
2
82
24
-97
-53
-38
30
22
74
-30
-4
-51
-65
-73
-54
-89
50
-51
72
-74
36
25
-49
33
35
-89
-68
48
-87
-92
15
-79
9
-25
-92
74
75
-15
96
28
72
7
-88
-78
-16
-81
-99
-94
23
34
54
-42
-3
-99
-98
48
-31
36
94
-52
-54
-7
17
-65
50
-27
-88
32
-67
-3
22
83
-20
32
42
-21
71
-51
9
42
-24
21
-62
-93
28
91
60
-1
93
39
11
25
95
45
78
-11
-49
-4
-74
66
13
48
61
31
20
-68
2
-24
14
-96
-85
-95
-69
-69
-60
91
25
57
-93
12
-80
81
-60
5
-90
-53
88
-36
29
73
-22
28
-1
4
-64
-31
-87
-6
-81
-35
-62
34
-87
21
-24
55
-42
-67
39
78
67
-61
-87
12
-99
-97
13
-43
-67
-84
-86
-80
16
11
-54
-56
71
-18
77
43
46
72
65
1
60
79
-1
72
74
-78
-42
16
63
69
-77
90
50
49
67
-5
37
-62
-81
-42
64
-96
-87
-74
-15
93
4
-1
73
-84
-84
-75
9
-73
59
48
-59
-24
78
-75
-48
58
75
6
44
91
-15
49
-81
82
-97
-52
8
-45
21
70
-98
24
19
-51
57
19
-21
23
79
29
7
66
57
-78
46
-42
16
-5
-13
43
-97
-78
26
76
36
37
-46
74
-54
61
88
5
-26
31
-64
-78
-87
8
72
23
-69
-97
1
17
67
49
-83
-97
-80
-68
-16
59
-17
-39
49
-70
74
92
98
93
-77
-97
39
43
-8
-34
47
30
69
-3
-76
-21
14
1
30
-49
65
42
-13
84
-58
-38
-83
-92
71
-37
-29
65
94
66
85
-3
-4
-88
-71
46
79
-45
77
-65
15
79
-47
-55
22
-17
11
-70
-92
-43
-27
-45
-53
-26
49
-86
-77
-45
14
-61
-18
-82
-63
-69
92
-2
50
68
88
50
15
-80
0
73
84
41
45
-62
7
74
-85
83
97
7
50
16
60
-69
-37
22
99
-95
-9
71
-25
-72
64
29
49
29
-95
-93
-26
14
-20
72
-36
-75
-72
-49
-69
0
-94
76
47
-73
75
-15
79
13
-90
49
52
-45
40
10
29
-96
-2
82
-11
-46
24
48
54
-30
-50
-35
93
51
2
78
-20
36
4
58
82
-31
-59
-71
87
88
-12
96
-6
5
-39
-13
-25
80
-82
21
20
-41
98
96
-98
5
-8
33
-82
77
54
8
-96
36
66
52
-81
-13
76
-59
13
-31
-84
52
9
-83
65
-68
-87
-20
-24
-69
-65
73
17
-64
10
14
29
-64
-36
-48
40
-3
-75
87
-55
-57
-20
76
-1
-90
-59
-53
-78
-31
-77
-26
-16
64
94
29
-33
97
51
16
1
94
33
47
-82
-37
20
72
9
-66
-65
43
-32
20
-10
-48
-37
92
-70
-83
-79
-64
24
71
33
68
2
-57
43
-17
31
71
2
-40
59
28
83
-63
40
-10
-7
-96
51
-5
-49
-28
4
3
62
-32
64
-42
-30
46
0
54
65
70
-67
-20
20
37
-82
67
48
85
-57
-18
76
9
42
-77
-64
-33
66
1
-16
55
-90
-14
-55
2
2
-68
-41
-53
-61
-15
-22
89
-62
27
-4
-19
78
87
25
-79
6
25
-83
6
-45
-71
66
8
-66
-60
-10
-75
-37
-41
69
79
32
-74
-59
99
-100
-16
-16
18
-95
-21
57
75
96
26
23
99
70
15
-71
46
34
-35
73
-84
73
-89
-11
-96
14
-57
-10
51
9
-6
10
24
-70
72
47
-62
-74
49
52
0
93
-33
91
-30
27
39
-60
-48
-74
19
43
-82
-21
-36
71
11
-8
54
99
48
50
-6
15
-22
-42
-27
-21
-87
19
-39
75
-13
-76
-69
-73
-47
-2
-78
28
13
-69
15
33
-72
-68
-14
93
-28
-52
-13
-85
-82
-15
42
79
42
6
-59
-89
24
-95
-60
16
-46
44
79
-20
-63
1
21
91
-82
-75
3
-71
2
28
68
-26
39
-26
-4
95
84
-69
33
26
80
-9
63
26
-69
47
-57
-72
-14
11
-5
-31
15
-72
-84
11
-48
-25
-93
-12
37
85
31
-29
68
88
-65
-79
-95
-90
-16
-21
-56
-28
-3
84
-48
-75
-17
64
-94
10
36
-74
10
34
-28
49
-58
-39
-52
96
81
57
3
-63
-52
44
-76
91
-4
47
-14
-46
-44
37
-7
-66
-86
-2
-74
-49
44
-67
23
-67
69
36
2
54
39
-25
21
-57
56
-63
30
-5
1
39
-12
21
54
-40
-74
78
-28
41
-17
70
-98
-46
84
5
44
97
43
76
19
-3
-66
-47
33
39
-28
-14
-48
42
3
-64
50
19
14
38
-36
3
66
8
44
72
13
-92
38
85
-48
-51
-1
-35
-42
16
-51
-32
-11
-34
50
74
-71
-85
-76
31
-20
-55
-53
10
-74
-9
11
6
85
-7
98
-15
-26
-21
-92
38
-49
44
-31
-49
80
72
-56
37
54
16
-29
-28
-58
12
28
-8
48
13
47
-71
-59
-30
18
16
74
-40
-47
-99
-80
-72
75
76
-32
-28
2
13
71
64
64
92
20
-44
56
-53
-94
-95
-84
13
94
26
-56
6
-46
65
-85
-42
91
-38
98
46
-87
53
-13
-84
94
-39
53
-23
-15
86
-2
-8
-30
72
-39
95
38
-87
85
-55
-24
-93
-48
-75
52
-100
-87
87
27
52
59
-96
65
-1
71
17
-17
-41
-80
-40
-58
20
-6
-8
-34
25
-29
-63
62
89
-21
51
-19
76
-32
11
85
-6
-29
58
-39
-76
18
-33
42
64
78
30
-49
-10
-87
-16
-66
-73
-55
42
58
68
8
91
65
-73
-72
48
-33
27
7
45
-52
0
-84
-8
-78
60
-66
86
-81
-70
-2
47
31
-52
96
-63
-86
-74
-89
-65
-30
-76
66
82
68
80
-53
-9
17
79
-5
-11
-76
12
-4
-52
34
88
59
-14
-34
58
-14
-44
-98
-85
-46
-56
-64
37
6
-12
-44
79
96
-68
-1
38
-34
-65
-11
19
-16
98
71
83
-63
-23
-53
-40
53
89
25
-70
94
45
92
-48
-57
23
87
-46
53
64
74
-76
-83
-42
71
83
4
5
7
3
67
27
43
99
-9
-33
-48
-100
1
79
28
7
-47
-64
-15
-59
-19
37
-4
-70
-22
10
44
11
55
-10
49
43
-21
23
92
55
96
60
-32
-46
51
-19
-68
-6
-41
52
-8
-25
-90
-50
-62
-61
95
-68
-21
84
33
-12
58
1
-67
-59
-54
74
-53
73
-36
61
-40
56
59
97
-35
-72
-80
-72
20
59
70
87
-8
-58
-24
40
-26
-66
94
-98
78
-17
98
-57
69
-93
24
-8
1
47
44
-60
-52
-97
40
18
30
42
28
-37
65
-8
58
70
47
-29
15
93
99
-69
28
-17
-6
87
-44
-73
86
-90
-1
91
-7
33
56
87
-88
89
6
-26
98
36
-82
-11
-46
-69
68
-60
38
-46
80
21
-33
-22
35
75
-93
17
-81
43
-90
30
-71
24
12
86
58
58
-88
69
-63
22
54
-27
40
55
-28
-61
-34
24
-49
-87
95
85
-3
-33
6
-2
7
28
-89
-52
-11
-4
68
81
-86
61
-67
65
70
-32
-6
-86
-9
-96
-82
51
12
-96
64
-25
-59
-27
77
-70
-89
-18
-5
79
12
-21
-43
91
20
30
-56
-19
21
79
-61
6
5
-29
31
41
-35
-50
6
34
93
77
-9
46
-6
22
-46
54
-35
78
-78
-29
15
-42
-64
3
51
16
3
-85
-44
-38
-37
-33
39
36
-69
-78
28
-67
-5
-77
-63
-50
1
-69
69
49
9
-94
44
-53
49
-69
68
20
-53
-71
-29
50
-93
2
0
35
96
1
28
-19
-73
47
-65
-26
-98
-54
0
11
43
-88
-15
8
67
13
37
40
22
45
60
86
73
-66
73
-21
-94
-64
50
-51
-41
31
57
94
-69
36
76
99
92
18
4
82
-50
50
31
-46
15
-9
-29
82
-64
3
14
-22
-32
-67
9
95
-39
-30
-5
-37
72
48
-10
-96
1
16
-27
29
-59
0
-65
-83
-3
31
-100
-62
-27
-37
-36
95
45
58
85
17
90
-50
35
86
89
-14
50
-2
-74
4
-92
-4
61
36
45
19
14
-59
-48
-95
50
-55
73
60
-30
-43
72
-33
69
-100
92
25
-74
-96
73
-22
-52
49
-59
-95
-58
-44
67
-80
99
-10
51
-47
-72
-65
78
4
-4
12
-23
-4
85
-75
-53
-14
33
-14
-39
-77
-33
23
-21
-79
58
8
-43
-86
40
-43
-40
-94
68
98
14
90
-26
68
-6
32
-82
-16
-66
9
17
50
-48
7
24
35
-89
-30
-100
26
5
-96
40
19
-83
-29
49
97
68
67
-11
-88
19
-82
6
26
-3
77
78
60
-33
-17
12
59
65
-45
-42
71
31
54
-25
-34
44
85
51
77
-53
-65
-86
33
88
33
-43
56
-45
-71
-52
37
-65
31
-41
-16
23
-19
-39
9
-13
48
68
13
14
26
58
-67
-15
82
83
93
66
65
27
84
6
-75
55
20
41
-63
50
20
-62
-55
52
-49
-67
83
-45
-14
28
-26
33
89
-92
-18
32
-12
76
-13
52
-72
-4
12
-51
74
6
-39
-30
90
40
71
3
-5
21
-85
-22
-87
-51
-23
15
80
15
25
-85
14
39
-31
-20
9
14
88
49
72
26
97
60
93
78
66
-73
-73
-33
19
32
-82
73
21
61
-77
22
-74
94
-93
74
52
34
12
30
-88
-32
57
47
40
95
-22
-25
-21
-79
56
-52
-76
50
13
82
-1
57
13
-13
89
-16
13
-50
-19
17
31
20
-20
40
39
-34
33
-92
55
-99
-69
-86
-31
-60
-87
-47
-42
68
-39
-7
5
-93
-68
-68
-63
11
73
-24
-73
47
63
38
35
-21
-2
-5
82
-31
20
29
19
-1
16
-40
65
35
16
80
-49
-69
65
43
22
-77
77
-56
5
42
-34
-43
93
-31
27
81
75
3
60
19
-99
33
-2
18
80
26
20
-76
-44
83
-86
-85
92
18
-43
87
92
-39
93
-12
-93
-35
85
-52
1
9
-39
-4
-29
-15
21
-67
-88
-95
-52
-75
54
75
-43
52
-68
-23
-72
-10
38
-44
59
-54
-95
-98
93
77
38
32
-82
69
-100
19
91
74
17
-23
-60
24
9
12
36
78
60
27
-73
43
46
-2
80
-45
38
63
63
-52
-61
39
-64
-28
-54
-97
-80
7
-87
-79
-29
-27
66
64
97
-17
41
47
76
-69
-74
-87
6
-49
17
10
91
64
23
-1
16
-53
59
61
77
61
92
-100
-46
-9
-99
-66
-14
-24
37
-90
-12
64
-98
87
-7
-29
4
47
94
92
73
94
16
12
38
49
47
26
-53
20
4
68
-38
75
-71
-96
80
-45
94
-26
-13
0
35
-13
-89
29
5
23
85
-78
38
91
-100
-57
-53
78
-23
73
11
43
97
-24
-24
76
-24
80
79
70
10
65
-83
-8
-27
19
-49
-19
88
92
41
3
-75
-39
97
68
-16
13
-65
-39
97
-48
-8
56
-38
47
-86
-90
57
12
-79
-90
-60
-47
-57
-50
81
56
36
-71
94
2
-52
2
-60
49
-45
52
-14
-48
68
74
51
-21
49
18
28
56
65
90
62
-44
-94
-85
98
79
60
-65
1
-62
-63
-82
81
7
-11
45
20
-88
-92
-45
21
90
38
-55
-9
-23
37
-83
-44
-75
96
-89
77
-36
-70
-32
36
91
-77
-28
-14
-50
-83
39
36
0
77
52
26
-35
40
6
84
79
-100
24
-88
-99
77
-94
28
-94
87
-14
-41
-71
11
-73
-59
86
57
-52
97
14
56
-54
82
70
42
77
73
-95
-23
-42
-77
-25
-91
6
-100
-30
-9
-19
-62
92
97
6
31
-64
-97
-84
-27
-55
43
-21
49
-47
13
97
-91
40
5
11
-11
13
65
32
3
63
-14
-59
74
40
-100
91
-94
-61
47
99
-91
12
-1
-77
-48
-39
47
98
-68
52
-54
-21
-63
24
17
-92
89
-18
-95
86
-31
36
-51
-80
91
33
59
24
84
99
-8
78
91
-96
49
-99
-36
-43
83
-16
-63
37
7
79
89
53
-67
22
38
31
6
36
-85
-50
-73
-3
4
42
-44
-63
96
-73
-9
38
55
10
79
-92
-68
84
72
-35
20
94
-17
88
18
78
45
-94
81
86
35
-56
-69
-77
-29
92
-93
82
50
88
-1
13
-76
66
66
77
6
-2
47
-68
40
25
34
-18
63
27
18
-78
78
-44
-55
-1
-95
93
33
-55
-31
30
86
46
-4
-73
-51
79
54
16
6
99
60
54
32
23
-88
-79
32
-80
-24
16
-62
74
13
88
50
59
42
-92
-52
-29
-20
-98
-2
19
-56
-51
-71
-23
98
-25
-35
27
-46
-58
-31
13
-65
78
-92
-3
2
-87
68
-14
8
-44
-81
-78
-66
-54
-38
24
92
24
92
94
87
4
66
-33
82
1
0
-79
-86
-59
-85
-9
-32
-21
-89
98
-37
5
69
-49
85
22
-24
77
36
24
-68
22
-44
17
95
90
-58
-21
17
4
94
18
1
0
61
-21
-69
46
-64
-85
-32
-84
-45
-50
52
87
-68
35
-31
-24
-98
33
-85
-8
60
-24
60
-38
-28
-31
97
70
51
76
17
19
54
44
-68
30
86
-23
99
74
95
31
49
-16
41
-17
97
-55
-79
31
-7
52
-100
-45
44
-100
57
24
97
62
-17
0
-62
1
-23
52
-21
32
85
-14
27
90
1
-61
-21
-32
63
-6
75
3
-15
-66
27
29
-73
74
-63
59
60
35
-27
98
-30
-57
25
35
85
98
-79
-92
9
58
-28
24
2
-68
62
-80
86
-78
-44
72
11
-33
-64
74
25
-13
58
62
98
56
-18
34
-96
-70
-3
-27
70
32
52
-49
-75
55
57
-43
-80
64
17
-100
-27
50
38
-21
25
54
-23
6
57
-52
-6
-6
-3
-26
-56
-78
40
48
74
-59
16
-84
58
9
-54
64
-32
-51
35
51
-91
-36
37
36
-1
38
-52
45
40
89
-93
48
72
-89
41
84
15
55
70
-16
-25
-42
-47
66
-4
8
-73
-57
-71
89
76
-41
16
30
-100
-29
-100
-91
-2
2
-59
37
63
-55
-26
-65
-82
32
19
85
78
29
-68
-54
27
-60
-48
-29
-69
-29
30
66
65
34
-1
-79
91
-62
27
81
-100
41
7
-90
-16
-41
-39
93
87
-83
38
-66
-77
4
56
-39
31
-8
16
16
42
14
-39
99
-81
-33
-89
-41
61
-1
8
6
-54
-13
91
-40
-46
-60
-81
99
36
18
-34
62
56
0
8
59
-81
-87
8
-34
-89
-16
4
-57
68
49
75
4
65
41
-9
-27
-83
-40
83
-91
32
-50
-95
17
53
-40
56
84
-31
-67
78
-71
-87
-47
55
-53
67
-86
-17
25
-8
-66
-19
-63
-9
-86
0
38
-29
-15
69
-20
-94
-91
5
-76
-11
67
-35
-41
-21
28
-85
89
-99
40
39
7
-68
-84
58
-3
16
-91
16
18
94
-87
-46
94
-33
-22
73
95
64
5
76
88
-60
-7
45
-90
-84
-28
13
-67
-25
24
-16
43
23
15
16
-23
-38
65
-68
99
99
88
81
22
-11
1
51
77
-43
-9
4
-47
-43
25
87
22
64
60
25
12
-47
-37
-16
-97
-5
-61
5
29
-78
56
-10
-94
57
-37
67
82
63
-63
-10
81
48
-75
83
49
-72
21
14
-12
74
-29
74
-51
-11
-56
-50
43
-93
-33
57
30
-20
-64
43
91
27
-41
2
-37
-94
44
13
93
54
65
-5
28
-59
64
79
89
75
-33
-20
33
-87
58
-86
22
76
91
54
48
-9
-4
-23
-53
-70
4
-61
-50
-23
9
6
35
30
90
-36
-25
55
20
-61
-44
-82
-98
33
-47
38
-41
-5
26
-68
68
53
-40
43
-44
82
-78
-12
-56
-3
66
-36
90
-7
0
64
99
84
-83
-75
1
-54
74
58
96
-77
-35
-43
-99
13
-19
-45
-48
-23
63
32
37
15
76
89
37
4
33
-49
7
97
3
-18
-91
70
9
68
65
95
-39
-13
-26
-68
-46
53
8
58
-65
70
1
79
-24
5
97
62
-69
-83
-22
42
-93
-32
-15
4
-30
-95
73
-58
37
-57
33
68
44
-7
52
-75
-24
90
-33
49
-19
-97
-69
16
17
21
89
80
-61
-65
46
42
-23
-39
-60
-62
-39
-83
16
-2
-40
5
62
-12
41
-73
-8
-49
-43
51
-34
14
-29
-66
-29
78
79
1
5
-41
-11
27
-97
-17
-68
-73
97
-15
53
44
29
-47
-3
-58
-27
-88
12
48
48
-100
-84
-71
-38
35
2
26
4
-49
-15
-4
-6
-15
-92
81
32
25
-9
-17
-24
72
-90
7
-38
-2
66
42
90
93
9
77
-97
58
-29
37
-28
6
-49
-100
-83
88
53
69
85
11
47
-11
-72
-8
76
21
39
15
21
61
-94
85
-2
-7
34
21
-79
69
85
-81
-47
38
-72
-24
82
7
5
-50
-90
-92
-39
98
29
-60
8
-34
47
59
-68
-96
34
90
-15
42
74
17
92
-14
0
-88
-22
-68
-24
20
76
72
80
35
85
85
-97
-7
80
-35
-94
-83
-4
74
-11
22
-17
29
79
-43
-17
-16
-17
39
-49
8
-24
65
-61
-46
-100
34
74
81
-3
14
81
88
30
20
-38
65
37
-91
-21
-97
-42
-39
9
43
-29
-50
24
-65
18
77
-98
43
93
8
-7
79
10
-28
46
-41
-37
57
51
49
5
11
32
59
12
45
-18
9
72
-32
-62
36
3
-80
-1
-15
35
89
3
82
19
4
23
-11
-38
-78
9
-41
-7
56
-89
79
-79
50
6
62
-51
-24
-75
12
-75
-65
20
65
93
-45
-42
57
-85
60
-96
73
31
-92
-76
-26
45
-61
58
-62
-24
33
49
47
30
62
-87
98
-96
-14
62
2
72
76
-54
49
35
-53
-8
-29
-82
-48
-71
44
26
70
-21
58
-85
78
-91
-18
-28
-91
26
-2
-8
65
-98
57
-1
-62
80
69
-35
-84
-30
45
-20
-20
-41
17
-100
-21
99
81
52
-84
9
-3
61
60
-13
-48
99
-90
63
22
92
-12
-31
62
24
-84
4
99
60
-90
-50
77
-12
80
-54
81
-17
33
-62
78
6
97
-58
-26
-32
-60
-17
-37
13
-14
47
-20
19
49
26
-67
-70
-21
-9
-84
13
-50
6
93
74
-61
3
53
52
-31
96
80
-64
-58
28
-84
96
10
-57
43
3
-74
61
-9
62
-35
-28
-40
-19
44
58
39
-25
87
-8
-75
-3
70
29
-47
-70
-88
72
18
-69
65
-75
76
97
88
-1
78
-79
88
-29
71
44
3
20
-4
21
-34
-100
-75
-56
13
-5
51
-24
99
-97
-92
-90
-91
-88
75
84
-5
-47
-56
-70
-68
1
-13
27
57
60
-49
-84
6
98
-36
-86
-29
-33
64
34
-21
77
-35
-96
-86
83
-33
77
23
74
7
14
16
-30
6
-23
-73
7
-6
43
-9
15
80
72
-97
56
-83
11
13
-21
-95
-62
-90
88
-76
70
40
60
-13
83
-58
78
38
76
-50
30
-81
-36
35
-63
-44
21
-55
90
-81
30
-88
-11
-84
-98
-86
-39
-54
75
28
-52
10
-78
62
-83
95
54
-50
-18
91
93
89
53
-60
-53
70
12
29
13
-59
-20
-50
46
-42
-53
76
-91
-38
37
69
-33
54
-85
-83
-76
-62
-84
-60
13
73
73
-14
-46
-83
60
-12
15
-76
-77
29
-84
-63
-65
63
9
96
21
25
88
45
61
98
70
10
47
69
-6
86
-89
12
49
65
9
42
-56
-74
-58
-80
16
85
-47
17
15
-53
46
-85
8
-19
94
49
-76
18
-80
-15
40
17
64
14
-16
-2
-15
-65
76
-52
73
-80
90
-62
-10
-11
51
8
-3
-88
-34
30
-33
-4
99
-70
-1
34
77
2
35
-75
-5
-70
-17
-53
-13
-38
33
28
92
6
-73
-98
-57
-97
87
-82
-36
-15
76
4
50
-56
18
-8
-62
-27
48
37
65
-10
-37
66
-5
41
-68
-13
55
66
-62
-19
48
-65
54
49
97
14
95
-69
81
67
-57
80
-32
74
28
-40
43
27
-68
-19
-93
-68
92
36
96
1
-68
20
48
-72
-75
18
-33
-47
-55
14
99
29
60
-86
58
-25
-10
96
-36
-22
-91
-47
70
-86
76
90
-100
54
-21
-79
-17
98
-97
-93
84
77
-49
58
-66
14
21
-84
-24
-38
-86
-47
-49
-65
-67
-95
-98
45
90
61
75
-41
0
46
-71
73
41
-26
-59
-9
-97
-99
19
-3
4
-46
75
-56
39
16
17
-91
70
-58
45
35
63
-32
-100
25
91
3
-53
46
-42
-24
79
19
6
-78
34
-32
15
88
-58
81
0
-33
-24
27
16
0
-89
-79
56
-99
-4
-37
38
0
-23
-56
-34
7
-25
-3
41
67
-23
5
91
14
-53
-83
97
-9
72
-92
34
16
-4
-78
47
-79
-90
-77
-78
-14
97
3
-88
-4
59
90
6
-45
15
-96
66
75
-59
90
-13
-89
-68
-74
40
-3
-32
79
-73
-46
-50
-87
-14
69
-64
-34
-70
-16
66
14
-28
-92
-2
-45
65
-59
-48
88
-6
20
60
-71
-15
-72
82
13
-69
66
16
-97
-5
42
-65
-71
-51
-99
-17
-95
-4
47
93
55
-95
-11
87
-14
-3
-19
79
-29
42
-8
-39
47
-32
97
82
74
-9
18
-25
14
-96
-38
32
-49
-35
-97
-2
36
-55
-30
96
10
6
-100
-55
-92
-45
39
48
41
-95
81
-75
58
-6
96
-12
26
-23
-24
64
-42
-67
4
-95
-96
-50
-68
8
39
97
-95
-32
0
-75
-77
-73
-86
-65
-73
-85
-47
66
-31
78
95
-79
23
89
95
73
-44
-28
-35
-60
-4
64
80
-67
-93
-65
-27
-94
-91
-35
14
-84
-48
56
-42
53
-61
-31
28
-21
88
43
1
65
-77
41
-35
40
85
-16
-85
49
86
-93
-74
30
89
-2
-70
63
31
-28
10
70
36
21
91
-37
-39
-68
-79
-61
-47
-95
72
84
94
-34
-76
62
-17
-3
71
44
98
-15
-62
95
-73
-77
-43
-7
-64
45
39
78
69
-93
-28
-40
54
-10
-76
-4
54
-47
-37
32
18
54
64
-100
-27
22
-87
86
-78
-42
-29
23
78
-38
-50
45
-61
73
-69
-10
-96
-26
52
94
-100
-98
55
37
11
47
-71
37
-11
56
7
4
-88
-40
-63
25
44
74
-91
64
98
4
-7
44
97
-88
-1
-70
-2
74
93
89
-44
87
35
-43
-82
72
91
-88
23
28
74
28
82
-79
-2
-77
-75
26
7
-91
-22
-95
-59
44
63
51
-65
-77
-93
-71
76
-34
-88
67
-40
6
57
-87
-100
-48
14
30
-84
34
-19
-35
13
26
43
66
-6
12
70
-79
86
2
-36
-25
-6
52
14
-5
-74
12
54
69
44
46
-78
30
19
40
44
-57
29
-66
21
-81
-25
95
63
-80
84
93
-39
7
83
-94
20
-23
31
-25
79
-35
-98
-82
39
7
12
-11
-34
79
-35
38
11
60
64
-6
-67
-70
34
-78
71
11
-31
-19
11
-51
20
76
-50
76
-66
16
89
83
88
-58
-76
-59
-81
93
42
-22
-40
62
-40
41
-58
97
-34
25
16
19
-47
20
-63
-12
40
36
-52
3
11
-35
-9
29
0
17
-28
-4
24
-73
20
53
77
-13
-71
-63
-11
-70
89
97
-23
89
42
81
-67
77
76
-57
-66
-6
-8
-92
56
-42
94
97
32
77
-20
-87
4
83
40
-81
-80
-46
90
-50
-57
57
-11
52
85
15
-62
-71
-33
-3
45
-34
-17
71
-22
-89
12
82
65
49
79
-73
29
-24
-54
36
-7
-55
32
-24
1
-8
-80
78
97
82
-49
55
17
54
71
44
91
-89
44
-69
19
70
99
26
21
5
19
23
15
72
74
-100
8
59
95
-66
51
-50
2
41
-62
45
28
98
-62
-28
-57
-39
-53
36
3
55
-22
72
3
75
21
56
-83
46
-52
63
-60
-94
-60
74
3
-79
-43
78
50
39
-33
24
2
-4
-40
-55
32
-17
27
61
-83
-64
-94
-29
47
-78
-51
15
59
-78
-39
28
-61
-28
73
-49
46
-40
-22
30
-87
-35
72
81
-33
46
4
-10
28
-46
52
7
-95
26
95
62
51
19
68
14
98
37
72
62
23
-17
66
78
40
-31
6
-99
-82
67
75
66
5
-71
-79
60
50
37
48
-6
-9
-15
29
24
-91
22
62
-97
-43
-50
35
23
8
-34
-30
-21
-92
-29
-79
7
-82
67
97
-93
-60
-95
-67
-16
93
18
-31
84
-98
-69
0
86
-93
20
-18
-31
60
51
39
-43
-8
6
-86
-63
78
-79
-14
-64
-30
-41
26
50
62
59
2
45
72
-18
4
-73
50
-84
30
-36
98
-98
-43
37
-74
91
5
-8
61
-8
-55
-23
98
13
52
49
-11
94
84
-10
94
47
-25
-99
81
55
-93
47
-34
37
36
-47
-28
-47
9
64
-21
-78
25
-18
97
17
-41
23
-41
-6
40
-41
7
95
-4
-52
56
-42
-89
76
-27
93
71
94
62
-58
48
74
19
0
18
67
-62
8
-83
-15
-72
-67
7
92
17
87
9
-35
-94
84
13
48
67
77
65
20
34
-52
42
-66
-98
91
16
43
59
-35
-83
-59
27
34
39
-83
44
25
-56
-59
96
-11
14
-54
-24
-83
27
-27
-45
68
-42
-13
-79
-54
50
13
-94
6
-42
-82
15
96
-84
-35
2
52
-20
7
-36
-47
95
-5
78
-56
-61
-36
-97
17
89
-19
39
12
49
72
-72
69
12
88
-73
-98
-63
-43
-27
90
-85
5
46
-16
57
-33
-59
-27
-89
-59
24
82
76
-61
-52
-65
95
-74
-28
-31
-11
-71
-100
76
-46
-53
88
-91
74
80
-43
28
-39
-60
-77
57
-38
30
3
36
80
29
57
55
80
92
-36
-73
92
99
11
24
66
78
-32
27
-7
-53
42
79
20
-55
90
-59
-17
32
49
-44
-79
-88
98
-68
32
-42
-7
-85
39
-90
70
49
-28
-13
79
62
5
-64
-52
-30
-41
80
83
97
63
2
29
-90
28
-36
81
-26
47
67
50
-17
80
7
-45
-41
45
51
-77
-6
23
48
0
-53
-5
35
-66
-6
-35
95
27
60
66
-58
56
57
-41
31
-25
-8
3
-47
-47
78
-84
34
4
35
-88
39
-20
14
-96
-35
89
-36
-10
25
8
-8
70
13
30
-21
-91
52
28
42
60
83
-82
66
73
90
56
40
-5
-70
22
65
-31
-76
-73
-6
95
33
3
-35
8
-11
60
16
-38
-38
-84
-45
51
-43
6
-83
19
11
62
60
-88
-64
86
-42
-28
-55
66
-91
67
-7
21
27
92
69
36
10
-59
-40
-82
-45
-100
-37
-25
98
-20
10
-95
-62
91
69
35
88
12
-59
92
-50
-61
7
-7
19
98
75
-19
-35
-83
-3
8
54
77
87
97
65
-36
-97
60
35
-16
32
15
56
-61
-56
90
-27
61
0
-69
43
-20
-63
-78
51
-50
-77
64
64
87
-96
34
79
75
-42
91
-2
50
65
94
92
-82
-82
-73
69
-95
-69
-17
37
77
-4
97
-49
-50
18
-86
-40
41
-79
-73
50
61
11
12
15
19
-70
-84
-83
13
-52
97
84
70
-53
-3
91
-10
76
-99
-64
18
-9
72
-95
-59
-55
18
-35
-71
-3
60
8
-73
46
-9
-57
-3
24
95
4
-96
-2
-8
-63
99
-19
78
-18
-93
41
0
-74
73
68
-87
23
37
-32
-43
-74
3
34
-55
-76
-27
59
32
90
35
-73
56
14
44
-90
32
-97
-74
70
23
60
86
-54
67
96
-4
81
-86
-43
97
11
-45
-35
-16
94
39
-39
17
-63
17
-22
83
-70
-53
-63
96
-66
78
75
-64
-58
-74
-89
73
49
58
-32
9
-46
-80
0
-24
99
-65
97
-73
56
36
-33
-12
-62
69
59
-66
-76
-41
-72
-93
-68
45
-99
87
47
69
98
98
0
-3
-43
4
-88
29
-29
-5
-81
-83
52
-43
-14
-15
-2
-63
-80
-21
26
-62
-74
19
10
-27
49
-43
45
30
76
-87
40
41
-77
-30
-69
61
38
-77
29
-24
-46
53
-85
92
-70
-20
-90
-48
-1
70
-69
-75
60
5
72
-59
85
-92
58
28
54
-56
59
2
39
63
33
47
27
26
-7
40
66
-66
-91
20
49
-97
62
-75
33
28
63
-21
-53
-51
3
-27
-44
13
-70
-39
-74
19
-26
24
72
-59
57
38
-75
94
-81
42
-58
83
-81
33
-73
15
40
74
-91
-90
78
-49
-60
-1
55
21
-84
96
-54
-75
92
24
-93
-30
43
82
-75
-99
31
-49
-42
74
65
-43
38
-14
92
-31
-5
-76
89
2
61
-30
68
-54
-83
72
56
47
28
-33
-99
12
-82
-39
72
-20
-78
-84
28
83
-59
-13
-99
42
-49
-37
-6
84
-79
93
52
-39
-95
87
-19
-87
45
-81
59
-81
36
-46
-22
-86
92
52
17
88
75
-25
-30
-24
-84
36
-71
24
-86
56
-76
21
-27
-61
56
73
66
-39
-1
-43
-35
79
-42
35
22
-5
10
-58
48
94
-35
63
-94
-34
-52
54
5
-50
7
-40
-13
-80
-64
33
-30
88
-4
-1
29
76
17
-3
92
11
98
48
75
-47
84
23
-51
16
-26
24
96
-93
16
77
35
9
26
-89
84
14
-79
39
1
20
-49
54
83
-80
19
20
-81
3
75
52
84
83
54
10
10
32
-73
28
43
98
61
24
-43
2
69
-12
69
51
-38
63
-45
-6
-50
62
51
-44
-42
-14
-69
-57
5
67
-99
69
48
-40
-80
71
82
-68
-69
48
-22
59
-43
91
-35
23
-10
94
-83
28
88
-65
-54
-83
51
64
96
-56
21
53
-21
8
-10
36
50
-4
-61
-49
-37
26
-54
-13
17
-2
-35
-73
67
-65
-64
-6
81
-46
89
61
-40
-66
-20
-97
-84
-45
41
54
51
-27
61
-23
17
-66
-11
-7
-9
-8
-19
-1
32
-65
62
-2
-41
-27
0
72
-100
-3
47
93
83
-96
53
-39
39
-99
47
34
79
-22
-22
5
-34
72
85
56
53
87
-42
-28
-53
-48
75
-74
-2
35
30
-46
65
-52
-19
57
-35
-17
-37
-74
-7
47
-39
15
-54
-83
26
12
29
88
-47
28
40
5
-71
-31
16
-57
-78
36
13
-30
-77
-72
67
-78
50
70
-70
24
24
53
28
-96
6
89
-20
-95
28
57
52
80
49
-40
35
-5
-83
-97
-99
-72
59
-54
83
68
-36
82
-40
-16
36
-5
3
55
67
34
35
-96
-100
-27
-31
-1
-65
-13
93
97
29
-89
-100
-53
77
0
81
-7
-21
10
99
-18
-24
-100
31
12
69
79
-96
20
-23
-80
-99
-38
-97
93
66
27
-55
-65
43
29
11
31
85
-49
32
-56
80
65
-70
58
-77
39
77
41
-62
71
30
47
58
-49
39
-1
51
98
71
-63
92
-63
5
-52
-48
-100
18
-83
-86
97
71
31
90
-40
5
-30
34
59
-73
-36
-36
76
-17
-46
14
-66
-50
-37
5
43
-82
-11
-29
-80
-62
81
-52
62
-28
86
8
5
79
-84
31
5
60
38
-77
-72
7
-14
-25
51
9
55
-40
22
-79
67
13
46
75
-92
-76
-68
33
26
81
-65
-100
-7
95
-39
-88
-88
-6
53
13
-87
19
-64
14
-38
79
82
-69
38
28
-62
86
-34
-26
-40
56
-14
38
26
-17
71
9
17
-84
-74
-12
92
63
16
29
-39
87
58
34
-60
-33
-53
-91
96
-92
-5
64
-65
89
-23
-33
-88
-79
-97
37
26
40
71
23
-14
-87
-23
44
14
-12
-22
-6
15
-25
-10
63
26
-12
33
-15
80
-45
-23
-45
74
23
-37
17
-45
-74
-78
-58
88
89
-86
6
-97
81
-3
55
21
1
57
13
68
-38
-32
-73
84
-34
71
-43
-14
-31
76
0
37
-52
-25
48
-54
-40
94
40
32
23
55
16
58
4
45
-59
-1
-71
-96
-64
51
-67
39
-87
-29
-80
-14
83
75
2
-24
12
85
-55
-66
-86
-29
-63
-60
26
-89
94
-14
-60
-67
72
9
-7
5
57
11
25
9
-48
-64
-59
-31
-57
33
54
-37
-28
-97
-52
-63
-97
62
-94
-80
55
-81
-54
85
-38
-9
36
-44
-22
-27
65
-42
82
33
-37
3
67
69
36
-28
-51
67
-43
6
-61
-22
-4
13
49
84
74
46
65
86
95
-59
-88
-42
24
46
36
29
7
82
81
91
41
-81
0
-62
-82
4
-31
-24
46
32
-45
56
-83
36
-62
18
-91
6
-10
-42
-40
35
66
80
92
56
77
32
-86
63
85
11
-87
43
11
23
12
-20
88
48
8
-81
-87
25
-76
67
-11
-11
65
-77
-85
-39
-34
-50
43
-60
-3
80
15
37
-94
-9
12
73
37
40
-48
16
38
-39
-38
-95
-66
-68
61
-27
-88
-49
54
48
66
87
-67
-17
58
50
-60
-69
-7
4
-94
-64
-29
-77
-49
2
-38
-12
-92
-28
50
-4
-58
-95
45
-10
-71
-74
-65
19
63
58
-67
81
96
-88
36
-49
5
-26
-66
48
10
13
29
-55
-79
24
84
-52
-57
-21
-94
16
22
66
98
-87
-68
-3
-87
87
97
-68
-10
61
97
40
49
-28
-36
-76
-85
-61
12
-44
-29
-53
19
-6
-77
10
-25
92
93
70
87
76
81
24
-4
53
-100
78
-50
-71
87
88
21
14
-78
-55
65
69
15
-74
-32
24
55
-14
-41
62
-71
56
19
-30
-73
44
63
27
-49
-24
-23
-30
-42
16
6
-92
86
11
91
97
-62
-52
-28
64
96
99
0
68
-36
-85
-36
54
-3
-57
9
-70
8
-34
-2
-59
92
59
-73
15
-34
20
59
-14
70
-80
58
6
-8
75
-30
1
8
-48
-36
-20
-44
53
-77
54
-23
-68
-11
60
85
-12
-44
-32
57
-99
-32
68
23
-49
-6
-15
-74
-91
-84
0
-62
16
-52
-36
79
-99
-84
48
-82
57
-71
-75
-40
-62
56
-43
-21
-99
-15
-66
-88
46
-77
21
-25
91
-71
-7
-84
23
20
-70
59
24
-38
8
-41
69
-26
-73
-59
-12
30
-53
37
22
62
-4
-23
57
44
-69
66
89
81
-71
80
97
95
-98
-73
-73
-11
88
17
-48
64
-8
-94
-91
-72
-99
46
-39
-81
12
58
70
59
-22
-26
80
-81
6
84
-14
-36
47
62
59
-27
0
42
-60
-84
-38
-68
-77
-20
33
44
82
-30
66
-14
0
85
-21
-82
-98
-27
-17
53
60
-64
55
-13
-43
-5
96
8
63
89
-95
90
-89
82
-26
25
-6
-42
-6
-10
-93
53
73
-47
-9
-20
-68
67
74
60
-93
39
79
-53
-38
58
-75
59
-65
-90
-34
29
-54
-13
-95
-49
78
-17
22
95
-78
31
41
-39
14
-100
28
97
-74
-8
6
-28
30
52
-2
41
19
-45
-90
12
15
-83
25
-48
3
24
37
4
96
97
-78
43
-58
66
-34
88
-60
52
-3
88
53
-45
-41
31
15
-50
-93
-97
44
2
2
-24
57
87
-74
73
-98
26
-69
-99
-47
25
-78
58
76
-30
-57
-44
-61
92
-49
5
1
72
52
60
-21
16
55
-3
-42
49
87
11
87
78
-8
-82
-69
-91
-90
-73
30
79
-88
58
45
9
29
21
70
78
-49
11
21
-32
-29
-19
-89
-92
-31
-29
24
-42
59
-2
-7
-23
43
-86
15
-69
-6
-25
93
92
-26
-97
75
66
-61
-36
21
-70
-88
88
5
-33
-56
17
-64
84
69
-86
-78
-21
-33
-32
92
34
-31
-25
-28
-54
-94
97
-15
-53
-2
78
83
-1
-99
49
-91
-90
91
-38
8
-85
53
90
-58
97
41
-48
-89
69
-95
31
10
-23
27
-43
94
78
-97
-18
-27
-69
12
6
-72
62
38
-39
-69
64
-51
-78
-49
78
-12
52
-20
-65
12
-96
46
16
93
84
35
27
-64
-80
65
-48
67
-81
-63
-65
-36
46
61
-25
-5
-11
0
87
-36
-17
52
-61
39
-8
-58
-78
-31
59
85
-23
83
-50
26
-96
-51
-51
-27
80
63
-73
-31
-16
45
-20
7
29
74
-15
12
66
1
75
11
-15
30
-30
-84
-55
64
73
9
-31
99
-90
96
62
-69
-34
48
-76
-64
-68
-76
-6
-22
-33
17
12
-80
9
18
55
-21
50
71
-93
-87
67
-76
25
-75
64
-53
54
64
94
-92
-37
-40
-39
3
-58
50
-10
57
23
49
30
-46
-90
27
-21
73
-55
-49
-40
-39
-70
75
-20
87
82
67
92
-50
-48
-2
-50
-87
86
-74
85
97
50
-16
-14
89
-42
-85
54
98
-85
77
-45
-98
-14
-30
-65
-68
-30
76
-76
60
-55
-86
-20
-90
-54
-9
-91
3
-70
57
-31
22
69
69
9
75
90
33
-68
-59
-82
-98
22
-44
-94
-66
23
76
52
-68
58
-98
-37
-11
75
-85
65
-67
81
62
-59
-95
94
25
-73
-9
82
-93
44
-74
-84
-58
2
17
3
94
-78
-79
80
48
-67
-63
-32
-37
-43
-51
41
16
-4
-90
-37
-51
10
90
-18
35
74
-30
-73
3
-68
10
91
-15
54
-88
16
0
-75
-8
-5
-97
-3
-19
-24
3
-11
47
-70
72
22
-54
7
-48
28
-98
23
37
-28
96
0
88
16
8
-46
-38
-64
7
-46
-63
6
33
61
-42
1
-91
-25
5
-25
6
-6
-29
38
-40
-94
-78
49
31
-61
-11
-67
88
-14
50
-50
-56
-80
87
-65
-8
40
18
15
-99
-74
76
-30
-10
17
-5
-31
42
-37
1
98
42
75
-45
-73
-70
19
-58
-14
-26
-55
-60
58
-26
-52
93
-66
-6
-8
-94
43
86
83
-96
-13
-65
-13
24
66
86
81
50
85
12
73
-65
-14
56
-81
-78
18
69
-38
17
-10
89
28
27
-38
25
70
48
-19
41
-12
-62
-53
34
-55
-12
87
-46
12
-23
28
-3
90
-83
51
-72
-72
79
-51
-3
-74
-31
8
4
-93
-19
-65
16
-45
-60
79
89
-70
62
67
82
-53
0
-19
-27
78
29
80
13
77
-11
34
3
94
43
4
81
93
51
28
9
16
43
-89
-17
-89
66
-1
83
-10
-32
-96
27
-89
90
-27
25
94
-94
62
20
94
43
-3
-29
85
-73
70
-55
-85
21
75
-68
7
35
-23
49
19
52
57
43
32
74
75
-70
93
-58
-46
-66
-14
-79
98
1
-40
97
27
85
44
-39
34
-92
-78
60
69
88
35
78
28
38
-65
48
-93
-67
-59
-95
-88
40
-18
48
7
-6
10
63
5
87
-3
72
-18
-2
-35
29
-50
60
-71
64
31
-33
-81
27
77
-94
-11
80
44
-2
-27
79
-5
55
38
55
-39
-80
22
90
78
-44
94
31
-51
41
-30
19
-87
21
91
-46
85
-7
-81
-26
48
36
-8
32
85
66
17
-42
81
53
-58
63
-35
-97
-93
24
0
69
-97
54
-22
26
-52
19
-27
-90
2
-52
89
52
-14
-30
-1
-45
41
0
-13
60
-42
-77
28
95
-46
-81
48
95
-46
-47
29
83
88
0
-36
80
-82
55
54
-41
-20
-62
93
38
-86
-64
-12
-51
21
-2
-62
62
56
-68
90
67
-41
-56
89
-43
23
-35
85
80
-74
-39
-6
89
6
77
-23
-88
77
8
21
33
-16
65
-73
42
21
-12
95
-100
-4
11
-46
26
17
-32
-50
-58
32
-48
-7
-46
-86
17
-74
77
31
82
62
-36
-10
54
-69
65
-74
-89
82
-47
93
-49
75
93
34
40
-89
58
46
71
-49
-60
-33
-72
36
-9
-63
-6
6
-70
-52
-17
-62
38
0
-77
73
82
-12
-75
-64
-28
97
49
-27
98
63
82
15
24
98
-51
-83
33
-13
22
-54
15
22
50
-1
-62
-20
68
-83
-17
-37
78
-62
-92
30
-30
-90
-81
-78
-100
72
1
-69
58
-80
43
37
82
-36
53
-85
89
99
-51
83
3
89
-9
-21
0
61
-74
-61
36
13
4
-59
-74
-43
88
53
29
34
59
-40
19
-54
-69
-52
-100
-83
-89
69
13
60
42
-57
-55
-37
-58
75
63
53
54
46
19
-40
85
6
56
77
-35
-21
58
-62
-42
-19
24
-45
19
83
-80
-71
-95
-91
49
46
-12
-35
-69
-51
48
-84
79
-45
-77
-93
-52
58
45
48
77
11
36
-44
71
79
-41
-92
-43
30
-44
-32
34
-4
51
83
89
-19
40
-36
45
93
32
-42
6
50
-14
44
82
-35
-100
22
11
-8
-42
36
-11
82
-23
-36
-90
29
3
22
60
30
72
88
-8
82
84
29
-21
61
-90
-77
62
0
-100
-87
-91
-24
-56
-49
-50
99
17
-84
9
59
40
71
-62
2
42
-33
-77
89
25
5
71
48
18
16
21
-68
9
71
-98
84
-49
-1
47
-30
63
-76
11
-2
41
-90
81
-95
34
-82
-67
81
-37
26
45
68
-37
98
-48
-9
87
14
-11
1
-14
50
84
-3
33
-71
54
9
-90
-7
20
1
-22
8
56
41
45
-72
-58
79
56
-79
-57
46
13
44
-73
-64
-52
-88
12
89
-77
-47
26
-7
-38
54
-48
-24
12
84
61
-34
89
-31
-3
-9
-37
-10
61
-80
-55
-59
-87
89
20
-93
-87
-30
-72
-34
-55
-55
81
36
-9
-41
65
-3
-4
-67
-15
16
26
-16
-6
12
-45
-28
12
-11
-26
91
-84
-95
-31
39
49
9
-68
-16
47
61
35
-35
-58
17
92
-47
28
47
-60
0
-77
-85
-59
76
12
26
88
-55
-52
-15
-97
-12
92
-94
7
28
-14
-35
72
69
24
90
11
-98
-29
-48
-8
62
71
93
-27
-39
-88
-4
-48
-34
4
96
-19
94
-46
92
6
-11
93
29
-56
77
-83
68
-4
42
-84
68
-72
-23
46
68
-62
-23
-83
-42
20
-27
42
-15
-82
-96
85
86
-45
-28
-10
-59
-95
90
42
-37
2
-94
66
11
13
27
13
-42
37
-90
65
-84
26
-52
23
-7
-35
94
-34
-62
65
-19
50
77
73
8
43
50
84
-22
-8
-69
73
-35
-11
38
-10
78
-36
-54
30
-74
77
-52
-27
66
75
25
63
-22
-59
-56
-90
88
51
-42
15
56
69
42
6
-23
4
88
41
-47
-98
83
-22
82
67
-46
-5
-84
-28
-9
-32
-15
-99
-61
-27
-88
53
55
-88
42
-92
-15
40
65
88
35
-16
-96
-40
24
-35
-84
-97
-43
61
-99
-29
67
-17
-41
3
-33
-31
-4
45
-9
-17
-13
-8
-40
-45
0
-52
51
69
60
23
89
44
79
-79
90
-67
-55
70
-43
-65
-15
-34
-55
57
-46
64
-39
-2
-10
-61
-97
-19
20
48
-52
94
-46
-13
4
-76
99
98
56
-89
-69
2
-87
29
-98
68
-32
51
87
-62
40
-33
-82
41
33
-61
17
69
-69
18
-28
74
79
58
24
-48
-63
93
-98
32
58
3
-20
64
-26
-84
66
-21
46
97
3
-19
78
-98
8
-13
31
84
-69
-79
94
23
64
-73
1
61
97
92
-94
68
90
78
-49
41
80
-36
-63
45
-72
64
-91
-68
82
-85
74
-13
41
-8
52
88
60
-48
-49
-19
-50
97
7
-5
-6
-95
-4
-67
20
97
-5
84
-82
-16
-80
-67
-54
5
-12
40
-88
26
-46
73
79
-87
-23
39
54
52
-75
46
-17
66
15
-52
39
3
-100
-90
80
-25
71
16
-52
14
-21
47
11
63
-40
-91
54
4
-55
48
38
36
66
-8
-29
70
-70
73
-45
-68
52
12
-77
-54
-97
-43
-10
35
35
96
32
-85
-34
30
2
-47
-78
2
-79
-65
-43
-29
-20
51
8
72
-65
-96
-3
88
-18
-93
3
1
63
-42
24
63
37
60
13
8
86
-35
-26
-22
-48
-64
-74
-1
-21
-87
87
-70
-12
11
88
93
-37
32
11
41
-70
-82
-76
44
-54
-75
-7
-55
50
-19
28
48
-32
33
88
-21
-27
32
61
-41
-23
-46
-42
13
-84
-23
-71
-12
-21
-81
57
-42
78
22
-63
29
-96
-100
29
66
-55
80
-6
30
-35
-7
-36
-83
-73
-3
-17
-30
-64
-48
51
75
59
64
86
-33
4
47
28
-77
-83
-95
98
-26
-54
10
83
-61
13
43
-25
-84
-69
-53
95
18
-99
55
14
-80
-53
-7
96
0
63
-71
-51
-37
-38
77
-24
32
-95
24
63
-33
-29
-96
-55
-6
42
69
52
91
-39
-60
-71
-30
-51
-79
6
68
64
-33
-88
51
27
33
73
23
-97
91
-6
-68
92
61
-83
-96
62
10
-26
-85
18
-65
52
76
-99
62
-41
90
-42
23
-14
61
-26
-40
-16
-84
34
87
81
39
-78
-17
-66
-85
6
-86
-84
65
77
76
-11
-10
-67
36
-70
-41
46
-26
74
8
23
47
-95
28
-28
-41
5
75
-62
-77
58
62
73
-31
52
73
64
-1
-14
-91
99
-33
79
74
74
62
72
-1
50
-38
-74
45
-10
-84
-14
24
-96
-43
27
-42
30
27
64
-45
43
9
-97
24
-10
76
-25
-72
23
95
96
59
-35
-68
33
84
33
79
4
15
-79
17
-49
-100
65
-59
-61
-81
-36
85
13
35
86
-73
77
89
42
-76
-53
-31
70
-9
-30
33
23
66
36
32
49
48
-32
47
-64
-90
23
-19
-91
34
34
-24
31
-17
-31
-6
-74
5
92
-40
70
-89
-17
-72
-7
-67
-51
47
-24
-13
7
1
-44
89
99
-8
93
40
91
89
-73
56
-40
-12
-86
-14
-20
13
-16
-100
4
55
-2
49
-57
56
13
-47
89
-36
74
-81
-39
13
45
-71
61
-91
38
72
40
-55
-2
-41
-19
-91
75
-28
-57
54
-49
-65
-94
62
80
28
-55
74
-12
-30
83
97
-25
-15
-9
-44
-34
17
-32
-81
-97
59
-70
-29
-12
-29
11
-72
-3
-31
-61
-28
-90
-66
83
-90
-26
-58
49
12
38
66
-17
-95
-34
34
15
85
47
14
76
40
-95
-47
75
84
-20
-22
73
-34
-62
-71
24
18
-48
-17
-38
13
-37
40
-93
-21
54
40
-93
43
-95
-40
27
-79
-99
6
12
-3
-32
-55
-94
-16
32
37
93
78
-11
76
91
-83
-98
5
53
-100
-54
16
-25
9
24
69
-81
3
-88
20
-22
-77
27
79
-69
49
-87
-42
-59
48
64
34
-40
-15
0
-100
-12
58
-87
20
57
-15
-35
-81
4
19
-70
-48
67
-98
41
96
-76
-91
-63
94
48
43
60
45
-1
38
64
92
56
80
95
83
12
-5
-27
-78
-11
-40
86
43
-8
60
-32
-25
7
-71
-17
45
-79
33
56
-34
93
75
67
96
10
5
-11
-2
-60
-87
95
90
48
-17
2
-44
-25
-50
29
74
86
28
25
57
-98
9
-45
-10
58
-46
79
90
81
62
21
-36
18
41
93
75
68
-57
-76
-1
-52
77
91
53
30
-27
44
-98
76
-30
25
18
-70
26
85
-78
-13
94
85
14
-95
26
-20
-28
-80
-32
30
13
-71
-8
36
-92
5
-35
98
66
84
-79
22
-53
-79
-18
-15
-15
50
6
27
30
1
7
-64
3
54
26
27
-56
-61
-64
91
65
-58
10
85
33
71
-61
73
81
22
78
21
99
40
-81
-4
-22
52
-97
68
97
-15
-89
-81
69
13
-21
24
-38
22
-58
-37
88
33
23
-38
97
39
50
-93
-78
67
-97
91
81
-82
98
-22
-80
91
-94
62
13
32
69
-83
-28
38
-19
54
-76
-4
-97
71
1
83
-81
-9
-43
-39
-47
-76
-88
-63
-87
-40
-91
52
-59
-81
64
-10
-31
-67
72
-43
27
-37
-64
-15
46
37
-88
-50
-97
-36
65
-77
-10
-48
99
-45
-23
-92
