-99
-20
66
-18
-18
-19
24
-58
-22
76
-16
62
40
-95
5
-3
10
58
-54
-22
99
-17
-79
-63
-1
-95
9
17
-77
-54
-46
83
-16
-59
88
-47
80
49
6
-64
-55
-48
39
51
-96
42
41
-79
-43
40
-12
-71
36
-17
-36
-54
-26
31
-27
26
-37
29
-50
76
82
9
-44
-33
-79
49
-48
38
46
-34
-14
-2
37
-59
74
30
89
55
-5
85
71
47
84
-14
24
25
-27
-78
15
39
-41
-15
77
36
-34
-89
28
37
-54
-98
68
36
-91
-76
30
-47
66
-14
34
-37
18
-100
78
56
27
-48
-60
9
-70
-12
66
90
-30
35
59
-81
-60
76
-4
98
47
-18
-33
22
-67
-55
31
76
35
39
78
82
11
98
-74
66
-10
65
41
64
62
49
43
9
-63
-29
85
-94
-1
-51
-23
-79
-20
35
-37
-20
47
-77
72
53
69
76
-60
35
0
92
93
-34
-73
74
21
21
61
-8
28
81
-85
-7
8
86
-6
-16
20
-1
-41
53
-58
32
5
-84
31
-85
60
-8
48
-89
73
14
73
49
56
-25
96
-6
19
-92
53
-38
-8
50
-49
-48
-20
39
-10
-53
-91
-48
2
-7
33
36
2
-82
63
37
84
28
85
81
-81
-37
69
-79
-7
43
-17
84
29
11
-6
0
-29
-44
86
1
-31
95
89
-10
-8
-40
11
-88
42
9
-34
-98
-58
-20
-76
17
88
5
87
-67
-39
24
49
-26
17
14
34
60
-46
-13
-70
-43
18
91
-50
21
31
51
35
60
33
19
20
78
-96
-78
78
72
99
23
95
98
94
55
-99
32
70
56
8
-42
-80
-99
33
-39
52
28
13
2
-53
89
-44
-58
69
29
-79
11
-2
-94
2
-92
-20
-94
22
-89
49
-37
-2
-18
-89
63
-62
-23
29
-13
54
-92
95
-42
-92
-79
26
-41
66
12
7
99
-51
-33
-57
-12
-16
45
46
-53
-48
51
-59
66
-9
82
-3
91
-92
-21
68
97
73
81
41
-63
-89
-98
-79
-75
49
-14
96
-86
-33
25
-37
28
83
-96
-46
-2
-60
-53
-39
16
5
-18
-19
-8
43
14
-11
-43
-47
-62
-32
-76
-45
-5
-41
97
-36
93
30
-66
59
-87
10
-60
-13
5
-6
-52
74
86
69
77
95
-23
-14
26
-35
-31
16
19
-51
-34
-26
-95
54
91
-11
-61
66
53
-72
73
84
52
-92
-16
-20
6
23
53
13
-12
-86
-37
-88
-54
32
-56
-38
-61
39
-57
-22
19
-88
-2
71
44
-95
-64
72
83
10
-5
-74
-67
-57
45
-83
-6
-77
2
8
74
-80
-99
-48
-49
9
-68
-78
7
-52
-23
99
-12
35
63
-48
-51
-77
-89
45
-56
-30
-48
73
6
-24
-17
94
-10
-8
47
17
72
43
9
95
83
3
-80
-67
-2
-8
80
0
-73
66
-11
-73
85
7
-18
36
24
57
33
-12
-9
-78
83
-42
-45
42
-86
29
32
-97
-86
4
-12
-92
-44
17
32
65
42
-64
-73
62
61
80
-86
-64
46
-67
39
-2
-77
-49
-79
9
5
1
-98
0
55
-39
8
27
-37
-37
-2
-60
-34
99
-37
53
-15
-38
71
43
-98
66
-77
70
-82
28
51
46
78
21
-96
-77
30
-85
-74
-77
97
-91
95
31
-46
60
-74
26
-64
63
49
-24
-39
-1
54
-39
67
-23
-38
33
-80
5
-20
58
-9
-81
6
-17
55
-53
81
97
-13
87
-61
5
1
-46
67
52
21
-65
14
-6
92
-98
93
77
-50
97
-70
-93
79
86
47
-80
-86
34
-90
-20
-76
-7
83
8
-48
24
72
39
-3
-100
-92
38
77
-1
-92
94
1
-37
-88
44
65
-82
73
-47
-58
-37
-57
-82
-60
-80
41
70
-62
-92
-35
-83
-86
-62
-60
19
-39
15
-64
-93
-69
-53
-11
32
-52
0
-68
-52
-95
62
-85
94
-93
-43
-82
-87
-83
36
-48
-94
-55
-24
39
77
96
-17
5
-31
19
-75
-24
83
-70
67
-56
24
80
-62
-90
46
89
17
81
-21
-79
90
96
-5
-33
33
64
-84
34
52
-33
-26
-17
-52
-46
45
23
-49
-56
-78
97
14
60
-32
24
61
34
28
-28
-100
91
65
11
46
-65
9
-83
-1
35
44
61
61
-1
98
64
-9
74
34
66
-52
98
7
-71
76
32
-87
32
28
57
-49
-52
-59
-1
46
33
-46
89
57
89
-3
22
-78
-48
58
30
-65
28
-66
19
59
-4
-29
-71
65
-97
-92
77
-22
63
94
4
-70
-65
57
63
4
-62
-1
78
17
-65
-60
5
36
-45
65
-61
-87
-65
32
80
6
-94
-59
-76
-18
50
2
82
24
-97
-53
-38
30
22
74
-30
-4
-51
-65
-73
-54
-89
50
-51
72
-74
36
25
-49
33
35
-89
-68
48
-87
-92
15
-79
9
-25
-92
74
75
-15
96
28
72
7
-88
-78
-16
-81
-99
-94
23
34
54
-42
-3
-99
-98
48
-31
36
94
-52
-54
-7
17
-65
50
-27
-88
32
-67
-3
22
83
-20
32
42
-21
71
-51
9
42
-24
21
-62
-93
28
91
60
-1
93
39
11
25
95
45
78
-11
-49
-4
-74
66
13
48
61
31
20
-68
2
-24
14
-96
-85
-95
-69
-69
-60
91
25
57
-93
12
-80
81
-60
5
-90
-53
88
-36
29
73
-22
28
-1
4
-64
-31
-87
-6
-81
-35
-62
34
-87
21
-24
55
-42
-67
39
78
67
-61
-87
12
-99
-97
13
-43
-67
-84
-86
-80
16
11
-54
-56
71
-18
77
43
46
72
65
1
60
79
-1
72
74
-78
-42
16
63
69
-77
90
50
49
67
-5
37
-62
-81
-42
64
-96
-87
-74
-15
93
4
-1
73
-84
-84
-75
9
-73
59
48
-59
-24
78
-75
-48
58
75
6
44
91
-15
49
-81
82
-97
-52
8
-45
21
70
-98
24
19
-51
57
19
-21
23
79
29
7
66
57
-78
46
-42
16
-5
-13
43
-97
-78
26
76
36
37
-46
74
-54
61
88
5
-26
31
-64
-78
-87
8
72
23
-69
-97
1
17
67
49
-83
-97
-80
-68
-16
59
-17
-39
49
-70
74
92
98
93
-77
-97
39
43
-8
-34
47
30
69
-3
-76
-21
14
1
30
-49
65
42
-13
84
-58
-38
-83
-92
71
-37
-29
65
94
66
85
-3
-4
-88
-71
46
79
-45
77
-65
15
79
-47
-55
22
-17
11
-70
-92
-43
-27
-45
-53
-26
49
-86
-77
-45
14
-61
-18
-82
-63
-69
92
-2
50
68
88
50
15
-80
0
73
84
41
45
-62
7
74
-85
83
97
7
50
16
60
-69
-37
22
99
-95
-9
71
-25
-72
64
29
49
29
-95
-93
-26
14
-20
72
-36
-75
-72
-49
-69
0
-94
76
47
-73
75
-15
79
13
-90
49
52
-45
40
10
29
-96
-2
82
-11
-46
24
48
54
-30
-50
-35
93
51
2
78
-20
36
4
58
82
-31
-59
-71
87
88
-12
96
-6
5
-39
-13
-25
80
-82
21
20
-41
98
96
-98
5
-8
33
-82
77
54
8
-96
36
66
52
-81
-13
76
-59
13
-31
-84
52
9
-83
65
-68
-87
-20
-24
-69
-65
73
17
-64
10
14
29
-64
-36
-48
40
-3
-75
87
-55
-57
-20
76
-1
-90
-59
-53
-78
-31
-77
-26
-16
64
94
29
-33
97
51
16
1
94
33
47
-82
-37
20
72
9
-66
-65
43
-32
20
-10
-48
-37
92
-70
-83
-79
-64
24
71
33
68
2
-57
43
-17
31
71
2
-40
59
28
83
-63
40
-10
-7
-96
51
-5
-49
-28
4
3
62
-32
64
-42
-30
46
0
54
65
70
-67
-20
20
37
-82
67
48
85
-57
-18
76
9
42
-77
-64
-33
66
1
-16
55
-90
-14
-55
2
2
-68
-41
-53
-61
-15
-22
89
-62
27
-4
-19
78
87
25
-79
6
25
-83
6
-45
-71
66
8
-66
-60
-10
-75
-37
-41
69
79
32
-74
-59
99
-100
-16
-16
18
-95
-21
57
75
96
26
23
99
70
15
-71
46
34
-35
73
-84
73
-89
-11
-96
14
-57
-10
51
9
-6
10
24
-70
72
47
-62
-74
49
52
0
93
-33
91
-30
27
39
-60
-48
-74
19
43
-82
-21
-36
71
11
-8
54
99
48
50
-6
15
-22
-42
-27
-21
-87
19
-39
75
-13
-76
-69
-73
-47
-2
-78
28
13
-69
15
33
-72
-68
-14
93
-28
-52
-13
-85
-82
-15
42
79
42
6
-59
-89
24
-95
-60
16
-46
44
79
-20
-63
1
21
91
-82
-75
3
-71
2
28
68
-26
39
-26
-4
95
84
-69
33
26
80
-9
63
26
-69
47
-57
-72
-14
11
-5
-31
15
-72
-84
11
-48
-25
-93
-12
37
85
31
-29
68
88
-65
-79
-95
-90
-16
-21
-56
-28
-3
84
-48
-75
-17
64
-94
10
36
-74
10
34
-28
49
-58
-39
-52
96
81
57
3
-63
-52
44
-76
91
-4
47
-14
-46
-44
37
-7
-66
-86
-2
-74
-49
44
-67
23
-67
69
36
2
54
39
-25
21
-57
56
-63
30
-5
1
39
-12
21
54
-40
-74
78
-28
41
-17
70
-98
-46
84
5
44
97
43
76
19
-3
-66
-47
33
39
-28
-14
-48
42
3
-64
50
19
14
38
-36
3
66
8
44
72
13
-92
38
85
-48
-51
-1
-35
-42
16
-51
-32
-11
-34
50
74
-71
-85
-76
31
-20
-55
-53
10
-74
-9
11
6
85
-7
98
-15
-26
-21
-92
38
-49
44
-31
-49
80
72
-56
37
54
16
-29
-28
-58
12
28
-8
48
13
47
-71
-59
-30
18
16
74
-40
-47
-99
-80
-72
75
76
-32
-28
2
13
71
64
64
92
20
-44
56
-53
-94
-95
-84
13
94
26
-56
6
-46
65
-85
-42
91
-38
98
46
-87
53
-13
-84
94
-39
53
-23
-15
86
-2
-8
-30
72
-39
95
38
-87
85
-55
-24
-93
-48
-75
52
-100
-87
87
27
52
59
-96
65
-1
71
17
-17
-41
-80
-40
-58
20
-6
-8
-34
25
-29
-63
62
89
-21
51
-19
76
-32
11
85
-6
-29
58
-39
-76
18
-33
42
64
78
30
-49
-10
-87
-16
-66
-73
-55
42
58
68
8
91
65
-73
-72
48
-33
27
7
45
-52
0
-84
-8
-78
60
-66
86
-81
-70
-2
47
31
-52
96
-63
-86
-74
-89
-65
-30
-76
66
82
68
80
-53
-9
17
79
-5
-11
-76
12
-4
-52
34
88
59
-14
-34
58
-14
-44
-98
-85
-46
-56
-64
37
6
-12
-44
79
96
-68
-1
38
-34
-65
-11
19
-16
98
71
83
-63
-23
-53
-40
53
89
25
-70
94
45
92
-48
-57
23
87
-46
53
64
74
-76
-83
-42
71
83
4
5
7
3
67
27
43
99
-9
-33
-48
-100
1
79
28
7
-47
-64
-15
-59
-19
37
-4
-70
-22
10
44
11
55
-10
49
43
-21
23
92
55
96
60
-32
-46
51
-19
-68
-6
-41
52
-8
-25
-90
-50
-62
-61
95
-68
-21
84
33
-12
58
1
-67
-59
-54
74
-53
73
-36
61
-40
56
59
97
-35
-72
-80
-72
20
59
70
87
-8
-58
-24
40
-26
-66
94
-98
78
-17
98
-57
69
-93
24
-8
1
47
44
-60
-52
-97
40
18
30
42
28
-37
65
-8
58
70
47
-29
15
93
99
-69
28
-17
-6
87
-44
-73
86
-90
-1
91
-7
33
56
87
-88
89
6
-26
98
36
-82
-11
-46
-69
68
-60
38
-46
80
21
-33
-22
35
75
-93
17
-81
43
-90
30
-71
24
12
86
58
58
-88
69
-63
22
54
-27
40
55
-28
-61
-34
24
-49
-87
95
85
-3
-33
6
-2
7
28
-89
-52
-11
-4
68
81
-86
61
-67
65
70
-32
-6
-86
-9
-96
-82
51
12
-96
64
-25
-59
-27
77
-70
-89
-18
-5
79
12
-21
-43
91
20
30
-56
-19
21
79
-61
6
5
-29
31
41
-35
-50
6
34
93
77
-9
46
-6
22
-46
54
-35
78
-78
-29
15
-42
-64
3
51
16
3
-85
-44
-38
-37
-33
39
36
-69
-78
28
-67
-5
-77
-63
-50
1
-69
69
49
9
-94
44
-53
49
-69
68
20
-53
-71
-29
50
-93
2
0
35
96
1
28
-19
-73
47
-65
-26
-98
-54
0
11
43
-88
-15
8
67
13
37
40
22
45
60
86
73
-66
73
-21
-94
-64
50
-51
-41
31
57
94
-69
36
76
99
92
18
4
82
-50
50
31
-46
15
-9
-29
82
-64
3
14
-22
-32
-67
9
95
-39
-30
-5
-37
72
48
-10
-96
1
16
-27
29
-59
0
-65
-83
-3
31
-100
-62
-27
-37
-36
95
45
58
85
17
90
-50
35
86
89
-14
50
-2
-74
4
-92
-4
61
36
45
19
14
-59
-48
-95
50
-55
73
60
-30
-43
72
-33
69
-100
92
25
-74
-96
73
-22
-52
49
-59
-95
-58
-44
67
-80
99
-10
51
-47
-72
-65
78
4
-4
12
-23
-4
85
-75
-53
-14
33
